FR1,0,0,0
FR2,0,0,0
FR3,0,0,0
FR4,1,0,0
FR5,0,0,0
FR6,0,0,0
FR7,0,0,0
FR8,0,0,0
FR9,1,0,0
FR10,1,0,0
FR11,1,0,0
FR12,1,0,1
FR13,1,0,0
FR14,1,0,0
FR15,1,0,0
FR16,1,0,1
FR17,0,0,1
FR18,1,0,1
FR19,1,0,0
FR20,0,0,0
FR21,1,0,0
FR22,0,0,0
FR23,0,0,0
FR24,0,0,1
FR25,0,0,0
FR26,0,0,0
FR27,0,0,0
FR28,0,0,0
FR29,0,0,0
FR30,1,1,0
FR31,0,0,0
FR32,0,0,0
FR33,1,1,0
FR34,1,0,1
FR35,0,0,0
FR36,1,0,0
FR37,0,0,0
FR38,0,1,0
FR39,0,0,0
FR40,0,0,0
FR41,0,0,0
FR42,0,0,0
FR43,0,0,0
FR44,0,0,0
FR45,0,0,0
FR46,0,0,0
FR47,0,0,0
FR48,0,0,0
FR49,0,0,0
FR50,0,0,0
FR51,0,0,0
FR52,1,0,0
FR53,0,0,0
FR54,1,1,0
FR55,1,0,0
FR56,0,1,0
FR57,0,0,0
FR58,0,0,0
FR59,0,0,1
FR60,0,0,0
